33 45 46   84 19 8
39 17 16   76 37 1
42 21 43   71 3 28
42 53 13   78 52 30
35 13 4   80 50 49
41 52 58   87 37 30
39 5 59   84 30 46
41 29 49   81 41 59
32 46 37   96 48 43
39 44 24   104 59 16
42 26 31   83 7 40
39 46 12   86 9 18
30 19 47   81 39 25
39 2 34   94 32 35
25 27 54   80 9 14
44 30 46   88 0 25
44 58 58   93 15 47
36 9 39   86 45 50
29 57 46   90 3 46
40 34 26   74 10 41
40 34 26   74 10 41
37 48 28   122 16 4
39 57 0   75 9 49
33 27 18   112 4 22
40 26 13   80 0 31
38 37 1   90 11 35
32 42 46   117 9 10
37 46 30   122 25 1
47 35 49   122 19 48
27 57 7   82 27 0
38 53 31   77 1 58
29 50 2   95 0 11
