ampl: model lpccRT.run;
_total_solve_elapsed_time = 0

Solve LP relaxation
CPLEX 12.6.0.0: optimal solution; objective 1130.623656
277 dual simplex iterations (0 in phase I)
:         y           w         :=
1     0            0.0580568
2     2.24242      0
3     8.97934     11.0438
4     0            0
5     5.21447      0.377702
6     9.44526      0
7     6.47593      0
8     1.56926      0
9     3.42802      0
10    8.87298      0
11    5.09996     12.319
12    5.04062      0
13    1.88396      1.79186
14    6.46053      0
15    5.79963      5.98846
16    7.42707      0
17    5.36813      0
18    4.07466      0
19    9.27521     10.826
20    0           11.7067
21    6.27394      0
22    8.90146      3.65503
23    3.82768      0
24    3.87234      1.33896
25    2.14543      0
26    4.91567      5.29569
27    6.12946      0
28    8.75971      0
29    4.73116      7.51726
30    7.86373      0
31    0.249783    10.3048
32    6.18051      4.57004
33    6.87161      0
34    9.38534      4.32117
35    6.77581      0
36    6.51996      0
37    1.55154      5.17315
38    5.98367      0
39    9.99235      0
40    8.36546     12.8255
41    1.90026      1.58716
42    4.3686      17.0334
43    5.70066      7.07871
44    4.40004      0
45    3.57759      8.99003
46    8.40476      0
47    8.39449      0
48    2.64056      8.37063
49    0            0
50    0            6.15987
51    1.02739     10.5429
52    0            0
53    0            0
54    0            5.31197
55    0            0
56    0            0
57    0            4.78836
58    0            0
59    0.0550377    0
60    0            0
61    0.654624     0
62    0            3.45563
63    0            0
64    0            1.87842
65    0.702046     1.0982
66    0           10.8477
67    0            0.750518
68    0            0
69    0.457958     1.33326
70    0.567681     0
71    0            5.51034
72    1.50249      1.82761
73    0            0
74    0           18.4955
75    0.232482     4.45475
76    0.386411     8.79728
77    0.0190661    0.0725015
78    0            0
79    0            3.18281
80    0            8.38823
81    0            0
82    0            0
83    0           10.664
84    0            0
85    0.614401     0
86    0            0
87    0            0
88    0            2.23584
89    0            8.77877
90    0            0
91    0            0
92    0            0.893424
93    0.133653     0
94    0            8.34072
95    0            0
96    0            0
97    0            3.82541
98    0.402623     0
99    0            2.81243
100   0           17.4615
101   0.171231    11.0388
102   0           12.9337
103   0            0
104   0.189565    10.0256
105   0            0
106   0            0
107   0            0
108   0            0
109   0            2.62363
110   0.255258     0
111   0           14.0099
112   0            4.17651
113   0            6.38198
114   0            5.6107
115   0            0
116   0.425382     4.22161
117   0            6.97301
118   0            0.543242
119   0.0226261    9.72964
120   0            0
121   0.259338     4.98652
122   0            0
123   0.0525874    4.95393
124   0           16.134
125   0            5.46303
126   0            3.5145
127   0.109106     0.70145
128   0.176687     0
129   0            0
130   0           14.7756
131   0.0363979    0
132   0.257713    10.6982
133   0            9.72114
134   0.241218     6.36173
135   0            0
136   0            0.423665
137   0            0
138   0            0
139   0.494405     0.431168
140   0.0738292    6.10462
141   0            0.392088
142   0.0773968   23.1078
143   0            0.474893
144   0.206617     5.26715
145   0            4.64291
146   0            0.282461
147   0           12.5866
148   0.228065     5.24212
149   0            8.87678
150   0           20.6816
;

_nvars = 302
_ncons = 200

_total_solve_elapsed_time = 0.022548



set LIFTS :=
3     15    26    34    42    51    75    116   127   140
5     19    29    37    43    65    76    119   132   142
11    22    31    40    45    69    101   121   134   144
13    24    32    41    48    72    104   123   139   148;

nviol = 40

Solve lifted LP relaxation with selected lifts
CPLEX 12.6.0.0: optimal solution; objective 1175.385951
73514 simplex iterations (17803 in phase I)
109 barrier iterations
:          y              w             f           ftrue        :=
1      0.504483      -1.16568e-10   0             1
2      3.75105        0.0999172     1             0.974054
3      8.82638        7.52992e-11   1             1
4      0.283964       0.0822111     0             0.775487
5      5.53583        0.0090514     0.998615      0.998368
6      9.14414        3.26776       0             0.736724
7      6.29791        0.699671      0             0.900012
8      0.949798       0.307933      0             0.755168
9      3.99376        0.027951      0             0.99305
10     8.81986        0.0650088     0             0.992683
11     4.79938        0.070513      0.996578      0.985521
12     4.73295        0.23211       0             0.953251
13     2.72952        0.306114      0.989767      0.89916
14     6.2603         0.493843      0             0.926883
15     5.80254        0.0967324     0.997613      0.983603
16     6.98553        3.6518        0             0.6567
17     6.95845        0             0             1
18     3.69824        0.831678      0             0.816403
19     8.99861       -1.07147e-11   1             1
20     0.0242656      3.33361       0             0.00722648
21     6.74059        0             1             1
22     9.15026       -5.29993e-11   1             1
23     4.18283        0.723379      0             0.852558
24     3.73393        1.0917e-10    1             1
25     2.75391        0.0827507     0             0.970828
26     5.13951        0.0712014     0.998415      0.986336
27     6.69813        0.136372      0             0.980047
28     9.07493        0.716639      0             0.926811
29     5.51779        0.0614812     0.997979      0.98898
30     8.38984        8.37339e-11   0             1
31     0.772653       1.76875       0.900549      0.304027
32     6.69628        1.24259e-10   1             1
33     7.56323        0.515958      0             0.936137
34     8.95433        3.54445e-11   1             1
35     6.7669         0.160706      0             0.976802
36     6.81372        0             0             1
37     1.83279        0.326904      0.982071      0.848634
38     6.79984       -9.04729e-11   0             1
39     9.50964       -3.57158e-11   0             1
40     7.76586        6.8332e-11    1             1
41     2.97751        0.259634      0.987886      0.919795
42     4.07817        0.186428      0.996098      0.956285
43     6.16141        0.231045      0.996575      0.963857
44     3.91994        0.537781      0             0.87936
45     4.23697        0.188385      0.996872      0.95743
46     9.16846        2.58048       0             0.780365
47     8.26287        0             1             1
48     2.19963        0.322475      0.982088      0.87214
49     0.00518224     0             1             1
50     0.000319878    0.243825      0             0.0013102
51     0.242503       1.87107       0.430099      0.114736
52     0.00482175     0.0893836     0             0.0511834
53     0.00665921     0.160367      0             0.0398693
54     0.000428523    4.69587       0             9.12471e-05
55     0.00451343    -8.31486e-11   0             1
56     0.000663501    1.06104       0             0.000624939
57     0.00200456     4.65405       0             0.000430527
58     0.000671464    0.549042      0             0.00122148
59     0.0175296      6.41887e-12   0             1
60     0.202664       0.0822741     0             0.711256
61     0.239654       0.0451945     0             0.841338
62     0.0364368      0.00909792    0             0.800198
63     0.00944226     0.00346504    1             0.731544
64    -1.84996e-12    4.28022       0            -4.32212e-13
65     0.068564       0.0858033     0.900061      0.444161
66     0.00413719     2.47959       0             0.00166572
67     0.0106765      0.00446487    0             0.705121
68     0.00449782     1.42278       0             0.00315133
69     0.120853       0.105447      0.996192      0.534039
70     0.115924       4.87066       0             0.0232471
71    -1.61632e-12    0.100335      0            -1.61092e-11
72     0.580513       0.859543      0.941138      0.403118
73     0.00706735     0.573046      0             0.0121827
74     0.0117346      3.33214       0             0.00350929
75     0.164748       3.45397       0.602432      0.0455267
76     0.153794       1.30026       0.179828      0.105769
77     0.0748932      2.67424       0             0.0272425
78     1.64366e-11    0.0978782     0             1.67929e-10
79     1.92735e-12    1.58507       0             1.21594e-12
80     0.00508442     5.00705       0             0.00101442
81     0.324918       0.524121      1             0.382689
82    -8.3e-13        3.38072       1            -2.4551e-13
83     0.00339524     4.05617       0             0.000836356
84     0.111189       0.0650915     0             0.630751
85     0.0385906      4.53169       0             0.00844382
86     0.00327259     0.0372983     0             0.0806636
87     0.000236177    0.00689654    0             0.0331118
88    -1.22458e-11    1.13172e-10   0             0
89     0.00517249     3.14055       0             0.00164429
90     8.61818e-13    0.126502      0             6.81269e-12
91     0.0907311      0.608171      0             0.12982
92     0.00602639     0.174711      0             0.0333434
93     0.138708       0.0963713     0             0.590048
94     0.166133       2.16386       0             0.0713017
95     0              1.38314       1             0
96     0.0972884      0.0302946     0             0.76255
97     0.00405914     0.481718      0             0.00835597
98     0.23098        0             0             1
99     0.00117134     3.12128       0             0.000375135
100    0.00553977     4.49184       0             0.00123178
101    0.0333164      2.69257       0.0237498     0.0122222
102    2.12497e-13   10.884         0             1.95237e-14
103    0.379725       0.0852076     0             0.816731
104    0.0439864     14.1171        0.0233897     0.00310615
105    0.0504948      0.418708      0             0.107618
106    0.00379122     0.559071      0             0.0067356
107   -1.72984e-12    0.627211      0            -2.75799e-12
108   -2.77356e-12    8.45268       0            -3.28128e-13
109    0.00393732     5.11967       0             0.000768467
110    0.00186909     4.58415       1             0.000407563
111    0.00772089     8.80629       1             0.00087598
112    0.0037412      4.31373       0             0.000866527
113    0.0370617      2.89441       0             0.0126427
114    0.00124285     8.21998       0             0.000151175
115    0.000583119    2.97646       0             0.000195872
116    0.161772       3.9321        0.517315      0.0395157
117    0.00558251     6.55312       0             0.000851161
118    0.00389352     0.144426      0             0.0262509
119    0.0777738     10.2705        0.05044       0.00751562
120    2.07897e-11    5.148         0             4.0384e-12
121    0.0128814      2.98064       0.68292       0.00430309
122    0.294721       5.81136       0             0.0482668
123    0.0195951      6.64709       0.0107026     0.00293926
124   -6.06685e-12    7.3306        0            -8.27607e-13
125    0.237153       1.06099       0             0.182687
126    0.00609402     0.231944      0             0.025601
127    0.165105       3.04157       0.179685      0.0514879
128    0.132174       1.05072       0             0.111738
129    0.00307374     0.0274576     1             0.100675
130   -2.27041e-11    9.85294       0            -2.3043e-12
131    0.0986646      0.886743      0             0.100126
132    0.121325       7.43709       0.179176      0.0160517
133    0.0191801      8.28904       0             0.00230857
134    0.168793       3.8941        0.543197      0.041545
135    0.0667336      6.76284       0             0.00977127
136    0.0075283      5.23417       0             0.00143623
137    0.00898592     3.52996       0             0.00253916
138    0.0853756      0.0973619     0             0.467203
139    0.267154       3.8271        0.465736      0.065251
140    0.010411       0             0.909024      1
141    0              0.0408683     0             0
142    0.0355152     16.0582        0.0229985     0.00220678
143    0.00623156     2.59403       0             0.00239651
144    0.049012       3.84346       0.0251152     0.0125915
145    3.94108e-12    8.4851        0             4.64471e-13
146    0.00711879     1.40048       0             0.0050574
147    0.00561477     5.36269       0             0.00104591
148    0.00700327     7.76507       0.00527494    0.000901081
149    5.011e-12     12.5001        1             4.00876e-13
150    0.0764805     13.3759        0             0.00568527
;

_nvars = 91202
_ncons = 29030

nviol = 85

_total_solve_elapsed_time = 912.679



Solve lifted LP relaxation
CPLEX 12.6.0.0: optimal solution; objective 1181.950992
284417 simplex iterations (123684 in phase I)
76 barrier iterations
:          y              w             f           ftrue        :=
1      0.488919       7.09439e-10   0.927488      1
2      3.79056        0.0777038     0.994416      0.979912
3      9.06023       -5.68434e-13   1             1
4      0.59068        0.205395      0.91014       0.741991
5      5.64172       -5.96422e-10   1             1
6      9.12686       -4.98134e-10   1             1
7      6.25159       -8.02647e-11   1             1
8      1.01324        0.0207971     0.986569      0.979887
9      4.26163       -2.88537e-10   1             1
10     8.77881       -3.00604e-12   1             1
11     4.82673       -1.02723e-09   1             1
12     4.80578       -4.06929e-10   1             1
13     2.79458        0.235484      0.982133      0.922284
14     6.21791        6.19949e-13   1             1
15     5.82193       -2.79379e-10   1             1
16     6.9486        -6.02425e-10   1             1
17     7.26288        0             1             1
18     3.78962       -1.09319e-09   1             1
19     8.99091        5.38236e-12   1             1
20     0.0782134      3.12557       0.464864      0.0244128
21     6.73783        1.16085e-11   1             1
22     9.19679       -1.50546e-13   1             1
23     4.13824       -1.6783e-11    1             1
24     3.88581       -1.59162e-12   1             1
25     2.81495        0.00684173    0.995011      0.997575
26     5.10107       -5.80611e-11   1             1
27     6.72932       -7.79617e-11   1             1
28     8.99973       -2.86462e-10   1             1
29     5.64693       -7.15405e-10   1             1
30     8.29061       -9.7554e-11    1             1
31     0.821163       1.55903       0.937554      0.344998
32     6.79817       -8.81961e-13   1             1
33     7.63949       -1.94793e-10   1             1
34     8.95778       -1.98319e-12   1             1
35     6.70665       -4.72878e-09   1             1
36     6.78559       -1.25445e-09   1             1
37     1.88194        0.177193      0.984705      0.913948
38     6.87358       -1.1649e-09    1             1
39     9.40621       -4.54255e-10   1             1
40     7.76073       -1.56009e-12   1             1
41     3.02324        0.255825      0.985982      0.921982
42     4.02269       -4.45943e-09   1             1
43     6.05312       -1.96243e-09   1             1
44     4.11576       -1.21e-09      1             1
45     4.22919       -2.95173e-09   1             1
46     9.14793       -7.06102e-13   1             1
47     8.25546        0             1             1
48     2.0406         0.373809      0.971175      0.845176
49     0.0742276      0.64442       0.626062      0.103288
50     0.0219179      0.0500162     0.427433      0.304694
51     0.198694       2.37225       0.451135      0.0772844
52     0.0197308      2.20604       0.0300515     0.00886468
53     0.00687916     0.281873      0.3645        0.0238237
54     0.0288196      3.31386       0.065503      0.00862172
55     0.0134308      0.220496      0.527393      0.0574146
56    -2.04194e-10    0.30893       0.660498     -6.6097e-10
57     0.00149581     3.22438       0.288658      0.000463692
58     0.0263106      2.57059       0.361011      0.0101315
59     0.0725856     -9.6821e-10    0.294607      1
60     0.24229       -2.17474e-10   0.641567      1
61     0.178175       1.61667       0.416193      0.0992707
62     0.0345986      0.204195      0.428524      0.14489
63     0.0359401      0.14807       0.40814       0.195316
64     4.77939e-11    2.6632        0.395151      1.7946e-11
65     0.0821684     -4.07427e-09   0.6764        1
66     0.00233971     1.84781       0.138058      0.0012646
67     0.0296676      0.233305      0.3984        0.112816
68     0.00421451     3.02058       0.357761      0.00139332
69     0.122099       0.118382      0.911105      0.507728
70     0.123805       3.53316       0.32849       0.0338545
71     0              0.513602      0.630588      0
72     0.26718        1.01253       0.708096      0.208781
73     0.00796704     0.398665      0.309951      0.0195927
74     0.0220847      1.70298       0.289951      0.0128023
75     0.160814       1.66485       0.617947      0.0880853
76     0.0952         1.24818       0.281556      0.0708658
77     0.0309355      1.82782       0.29234       0.0166431
78    -1.45567e-10    0.0832115     0.416171     -1.74936e-09
79     0              1.67627       0.222114      0
80     0.0148829      4.00764       0.17415       0.00369989
81     0.252489       0.35413       0.703849      0.416223
82     0              2.10428       0.352765      0
83     0.0155374      2.38536       0.281462      0.00647148
84     0.0945527      0.0486964     0.720658      0.660058
85     0.116774       4.4396        0.289749      0.0256287
86    -2.48317e-10   -6.89373e-10   0.437956      0
87    -8.30014e-11    0.0220385     0.0965572    -3.76621e-09
88     1.21701e-11    0.0683896     0.520334      1.77952e-10
89    -3.58102e-10    3.28069       0.540569     -1.09154e-10
90     0              0.165989      0.263931      0
91     0.0362454      0.608838      0.178344      0.0561871
92     0.0140451      0.347163      0.674204      0.0388836
93     0.023525       0.206961      0.607174      0.102067
94     0.0438509      1.51924       0.226548      0.028054
95     0              2.27128       0.270138      0
96     0.0565463     -3.15505e-10   0.712939      1
97     0.0215392      0.400778      0.449735      0.0510024
98     0.1006         0             0.495853      1
99    -1.491e-11      1.29997       0.317492     -1.14695e-11
100    0.00869034     7.11335       0.0942361     0.0012202
101    0.0529059      5.00002       0.107204      0.0104703
102    0.0069563      9.85848       0.0321226     0.000705118
103    0.300269       0.211048      0.681967      0.587246
104    0.0657627     12.7033        0.0416898     0.00515018
105    0.0417316      0.158347      0.653684      0.208576
106   -1.78232e-11    1.15428       0.372428     -1.5441e-11
107    9.92849e-05    1.45711       0.462985      6.81335e-05
108    0              7.14787       0.0819713     0
109    0.0096418      6.36625       0.0402626     0.00151223
110    0.00592052     2.15276       0.362911      0.00274266
111    0.024521       7.08913       0.056429      0.00344704
112    7.25265e-11    5.66087       0.0999347     1.28119e-11
113    0.102502       3.50239       0.203898      0.0284342
114   -4.90125e-11    6.87712       0.051474     -7.12689e-12
115   -2.19262e-11    3.07708       0.251193     -7.12564e-12
116    0.115017       2.39562       0.51834       0.0458117
117    0.030685       5.26158       0.129568      0.00579809
118    0.0104341      1.40929       0.164725      0.00734943
119    0.0181906      8.07213       0.0791911     0.00224844
120    0              3.86647       0.0610525     0
121    0.00372038     2.24734       0.162212      0.00165272
122    0.137317       7.04575       0.294748      0.0191167
123    0.0408704      5.30733       0.145502      0.00764189
124   -6.25977e-11    6.82517       0.0692554    -9.1716e-12
125    0.00587611     0.740554      0.342538      0.00787228
126   -8.83231e-11    0.964264      0.614079     -9.15964e-11
127    0.3471         2.31127       0.412633      0.130569
128    0.14062        1.274         0.426619      0.0994047
129    4.87222e-11    0.248915      0.520403      1.95738e-10
130    0             10.2053        0.0314294     0
131    0.00516241     0.529881      0.646865      0.00964858
132    0.128708       8.34024       0.166325      0.0151976
133    0.0624548      9.07117       0.114227      0.00683789
134    0.169097       4.66482       0.499977      0.0349814
135    0.0500602      7.36598       0.0469837     0.00675026
136    0.0176565      7.04862       0.0967541     0.0024987
137    0.0366144      4.18407       0.144638      0.00867499
138    0.0682642      0.919277      0.451094      0.0691254
139    0.0682845      4.15948       0.169568      0.0161515
140    0.00897273     0             0.327418      1
141    0              1.27941       0.136116      0
142    0.0347736     13.3731        0.0375766     0.00259352
143    3.53707e-06    3.99762       0.122061      8.84795e-07
144    0.0418883      2.3129        0.270321      0.0177886
145    4.53787e-12    9.36031       0.0167446     4.848e-13
146    0.00456742     2.51308       0.115949      0.00181416
147    0.0126481      4.6386        0.0325562     0.0027193
148    0.0881161      8.0267        0.0886732     0.0108587
149    0             12.1862        0.0246436     0
150    0.00625161    12.544         0.00786371    0.000498127
;

_nvars = 91202
_ncons = 106250

nviol = 61

_total_solve_elapsed_time = 18023.9



Solve the LPCC as an IP
CPLEX 12.6.0.0: optimal integer solution within mipgap or absmipgap; objective 1191.5
1030292 MIP simplex iterations
56129 branch-and-bound nodes
absmipgap = 0.11902, relmipgap = 9.98908e-05
:          y         w     :=
1      1              0
2      4              0
3      9              0
4      1              0
5      6              0
6      9              0
7      6              0
8      1              0
9      4              0
10     9              0
11     5              0
12     5              0
13     3              0
14     6              0
15     6              0
16     7              0
17     8.5            0
18     4              0
19     9              0
20     0              0
21     7              0
22     9              0
23     4              0
24     4              0
25     3              0
26     5              0
27     7              0
28     9              0
29     6              0
30     8              0
31     1              0
32     7              0
33     8              0
34     9              0
35     7              0
36     7              0
37     2              0
38     7              0
39     9              0
40     8              0
41     3              0
42     4              0
43     6              0
44     4              0
45     4              0
46     9              0
47     8              0
48     2              0
49     0              0
50     0              0
51     0              0
52     0              0
53     0              0
54     0              0
55     0              0
56     0              0
57     0              0
58     0              0
59     0              0
60     0              0
61     0              0
62     0              0
63     0              0
64     0              0
65     0              0
66     0              0
67     0              0
68     0              0
69     0              0
70     0              0
71     0              0
72     0              0
73     0              0
74     0              0
75     0              0
76     0              0
77     0              0
78     0              0
79     0              0
80     0              0
81     0              0
82     0              0
83     0              0
84    -1.16462e-13    0
85     0              0
86     0              0
87     0              0
88     0              0
89     0              0
90     0              0
91     0              0
92     0              0
93     0              0
94     0              0
95     0              0
96     0              0
97     0              0
98     0              0
99     0              0
100    0              9
101    0              6
102    0              6
103    0              1
104    0             10
105    0              3
106    0              5
107    0              6
108    0              6
109    0              6
110    0              4
111    0              5
112    0              9
113    0              2
114    0              7
115    0              3
116    0              2
117    0              7
118    0              2
119    0              6
120    0              2
121    0              2
122    0              8
123    0              5
124    0              7
125    0              2
126    0              1
127    0              6
128    0              2
129    0              3
130    0              8
131    0              1
132    0              9
133    0              7
134    0              4
135    0              9
136    0              9
137    0              1
138    0              3
139    0              7
140    0              1
141    0              3
142    0              9
143    0              5
144    0              5
145    0              9
146    0              3
147    0              7
148    0              8
149    0              8
150    0             10
;

_nvars = 91352
_ncons = 500

nviol = 0

_total_solve_elapsed_time = 18097.3


