 Number of observations:   40
 Number of characteristics:   12
 ISEED:   47939
 Observations:
   1:  1  2  2  0  0  2  0  0  2  0  2  0
   2:  1  1  2  0  0  0  1  1  2  0  2  0
   3:  1  1  2  0  1  1  2  0  2  1  0  0
   4:  0  1  1  2  2  1  1  0  0  1  2  2
   5:  1  0  2  2  2  2  2  0  0  2  1  1
   6:  0  0  1  0  1  2  2  1  2  1  1  1
   7:  0  1  1  0  1  2  0  2  2  2  2  2
   8:  2  2  2  1  0  0  0  2  0  2  1  1
   9:  2  0  2  1  2  1  2  2  0  1  1  1
  10:  2  1  0  1  0  0  1  1  0  0  1  1
  11:  2  1  2  2  1  0  2  0  2  1  1  0
  12:  2  0  1  0  0  1  0  0  0  1  0  0
  13:  1  2  2  2  2  2  0  2  2  0  1  1
  14:  1  1  1  1  0  1  0  1  0  0  2  1
  15:  1  2  0  0  2  1  2  2  0  0  1  2
  16:  2  2  2  1  0  2  2  2  2  2  2  0
  17:  0  0  1  1  1  2  0  0  0  0  2  2
  18:  0  1  1  1  1  0  0  2  0  1  1  0
  19:  2  1  0  0  1  1  0  0  2  1  2  2
  20:  1  1  1  1  1  2  0  0  1  2  2  0
  21:  1  0  0  2  0  0  1  1  2  0  1  0
  22:  2  2  0  0  0  1  0  0  2  1  1  1
  23:  1  0  2  0  2  2  1  1  0  2  2  1
  24:  0  2  0  0  1  1  2  1  2  2  1  1
  25:  2  1  1  1  2  1  1  1  0  2  2  1
  26:  0  0  0  2  2  2  1  2  1  2  2  2
  27:  2  1  2  1  1  0  0  1  0  0  2  0
  28:  2  0  1  2  1  1  1  0  2  0  2  0
  29:  0  2  0  2  1  0  1  2  2  1  1  1
  30:  0  2  1  2  1  2  2  2  2  0  0  2
  31:  2  2  1  2  0  2  0  2  0  1  2  0
  32:  0  2  0  1  1  0  2  0  0  0  1  1
  33:  0  2  2  0  2  1  2  0  2  0  0  1
  34:  2  2  1  1  1  0  1  0  2  2  2  2
  35:  0  0  0  2  0  2  1  0  0  1  1  2
  36:  2  1  2  2  0  2  2  2  0  0  1  0
  37:  0  0  2  1  0  0  1  1  0  2  1  0
  38:  0  2  2  2  2  1  0  0  1  0  1  2
  39:  2  2  2  0  2  0  0  0  2  0  2  1
  40:  0  0  1  1  1  0  2  0  0  2  2  2
